1	2.7323955e-01	2.7323955e-01	1.5117361e-01
2	1.5117361e-01	1.5117368e-01	7.8417070e-02
3	1.0347428e-01	1.0347428e-01	5.2695032e-02
4	7.8417070e-02	7.8416996e-02	3.9636169e-02
5	6.3053980e-02	6.3054137e-02	3.1752307e-02
6	5.2695032e-02	5.2694958e-02	2.6480084e-02
7	4.5246463e-02	4.5246616e-02	2.2707542e-02
8	3.9636169e-02	3.9636016e-02	1.9874988e-02
9	3.5260271e-02	3.5260499e-02	1.7670279e-02
10	3.1752307e-02	3.1752080e-02	1.5905585e-02
11	2.8878143e-02	2.8878447e-02	1.4461152e-02
12	2.6480084e-02	2.6479781e-02	1.3257141e-02
13	2.4449525e-02	2.4449753e-02	1.2238153e-02
14	2.2707468e-02	2.2707239e-02	1.1364572e-02
15	2.1197367e-02	2.1197520e-02	1.0607332e-02
16	1.9874912e-02	1.9874761e-02	9.9447276e-03
17	1.8708067e-02	1.8708220e-02	9.3599875e-03
18	1.7670203e-02	1.7670050e-02	8.8402098e-03
19	1.6741656e-02	1.6741809e-02	8.3750738e-03
20	1.5905509e-02	1.5905358e-02	7.9564592e-03
21	1.5149084e-02	1.5149236e-02	7.5776875e-03
22	1.4461152e-02	1.4461000e-02	7.2333701e-03
23	1.3833058e-02	1.3833286e-02	6.9189537e-03
24	1.3257141e-02	1.3256914e-02	6.6307196e-03
25	1.2727327e-02	1.2727554e-02	6.3655567e-03
26	1.2238153e-02	1.2237926e-02	6.1208084e-03
27	1.1785216e-02	1.1785519e-02	5.8941217e-03
28	1.1364572e-02	1.1364268e-02	5.6836763e-03
29	1.0972954e-02	1.0973334e-02	5.4877256e-03
30	1.0607407e-02	1.0607028e-02	5.3048283e-03
31	1.0265347e-02	1.0265727e-02	5.1336940e-03
32	9.9448031e-03	9.9444240e-03	4.9732607e-03
33	9.6434960e-03	9.6439514e-03	4.8225410e-03
34	9.3600638e-03	9.3596084e-03	4.6807006e-03
35	9.0926792e-03	9.0931347e-03	4.5469808e-03
36	8.8402862e-03	8.8398308e-03	4.4206982e-03
37	8.6013610e-03	8.6017400e-03	4.3012458e-03
38	8.3751502e-03	8.3747711e-03	4.1880924e-03
39	8.1604347e-03	8.1608137e-03	4.0807067e-03
40	7.9565356e-03	7.9561556e-03	3.9787092e-03
41	7.7624619e-03	7.7628414e-03	3.8816445e-03
42	7.5777634e-03	7.5774598e-03	3.7892093e-03
43	7.4015246e-03	7.4019036e-03	3.7010999e-03
44	7.2334460e-03	7.2330665e-03	3.6170126e-03
45	7.0726126e-03	7.0729922e-03	3.5366442e-03
46	6.9190296e-03	6.9187260e-03	3.4597665e-03
47	6.7717051e-03	6.7720087e-03	3.3861522e-03
48	6.6307955e-03	6.6304919e-03	3.3155736e-03
49	6.4953859e-03	6.4956136e-03	3.2478790e-03
50	6.3656326e-03	6.3653290e-03	3.1829162e-03
51	6.2406957e-03	6.2410752e-03	3.1205339e-03
52	6.1208843e-03	6.1205048e-03	3.0605041e-03
53	6.0052061e-03	6.0056616e-03	3.0027509e-03
54	5.8941976e-03	5.8937422e-03	2.9471230e-03
55	5.7868678e-03	5.7873987e-03	2.8935438e-03
56	5.6837522e-03	5.6832209e-03	2.8418622e-03
57	5.5838590e-03	5.5843145e-03	2.7920017e-03
58	5.4878015e-03	5.4872702e-03	2.7438868e-03
59	5.3945873e-03	5.3951940e-03	2.6973656e-03
60	5.3049042e-03	5.3043729e-03	2.6524381e-03
61	5.2177613e-03	5.2182167e-03	2.6089526e-03
62	5.1337699e-03	5.1333145e-03	2.5669090e-03
63	5.0521670e-03	5.0526224e-03	2.5261557e-03
64	4.9733366e-03	4.9728812e-03	2.4866923e-03
65	4.8967423e-03	4.8971977e-03	2.4484433e-03
66	4.8226169e-03	4.8221615e-03	2.4113324e-03
67	4.7505763e-03	4.7510318e-03	2.3753601e-03
68	4.6808524e-03	4.6803975e-03	2.3404504e-03
69	4.6128342e-03	4.6133650e-03	2.3065270e-03
70	4.5471326e-03	4.5466772e-03	2.2735903e-03
71	4.4829086e-03	4.4834400e-03	2.2415644e-03
72	4.4208500e-03	4.4203945e-03	2.2104490e-03
73	4.3601170e-03	4.3604965e-03	2.1801686e-03
74	4.3013976e-03	4.3009422e-03	2.1507228e-03
75	4.2438521e-03	4.2442316e-03	2.1220359e-03
76	4.1881683e-03	4.1878647e-03	2.0941081e-03
77	4.1336585e-03	4.1340380e-03	2.0669391e-03
78	4.0807826e-03	4.0804031e-03	2.0404533e-03
79	4.0290048e-03	4.0294598e-03	2.0146503e-03
80	3.9787851e-03	3.9784056e-03	1.9894545e-03
81	3.9295116e-03	3.9298912e-03	1.9648657e-03
82	3.8817963e-03	3.8814170e-03	1.9408843e-03
83	3.8347996e-03	3.8351791e-03	1.9175098e-03
84	3.7893611e-03	3.7889816e-03	1.8946667e-03
85	3.7445652e-03	3.7450206e-03	1.8723547e-03
86	3.7012517e-03	3.7007963e-03	1.8505739e-03
87	3.6585049e-03	3.6591119e-03	1.8293245e-03
88	3.6171644e-03	3.6165572e-03	1.8085304e-03
89	3.5763148e-03	3.5769979e-03	1.7881916e-03
90	3.5367201e-03	3.5361128e-03	1.7683081e-03
91	3.4977677e-03	3.4983747e-03	1.7488800e-03
92	3.4598424e-03	3.4591595e-03	1.7299074e-03
93	3.4225597e-03	3.4232428e-03	1.7113140e-03
94	3.3862281e-03	3.3855452e-03	1.6931002e-03
95	3.3504632e-03	3.3511464e-03	1.6752658e-03
96	3.3157254e-03	3.3149666e-03	1.6578109e-03
97	3.2814024e-03	3.2820855e-03	1.6407354e-03
98	3.2480308e-03	3.2474236e-03	1.6239635e-03
99	3.2151497e-03	3.2157567e-03	1.6075710e-03
100	3.1830680e-03	3.1824608e-03	1.5914821e-03
101	3.1514771e-03	3.1520084e-03	1.5756969e-03
102	3.1206098e-03	3.1200785e-03	1.5602150e-03
103	3.0903090e-03	3.0908403e-03	1.5450369e-03
104	3.0605800e-03	3.0601246e-03	1.5301622e-03
105	3.0314934e-03	3.0317970e-03	1.5155912e-03
106	3.0028268e-03	3.0024475e-03	1.5013237e-03
107	2.9748029e-03	2.9753342e-03	1.4872839e-03
108	2.9472746e-03	2.9467435e-03	1.4735475e-03
109	2.9201615e-03	2.9208444e-03	1.4600389e-03
110	2.8936956e-03	2.8930127e-03	1.4467580e-03
111	2.8675690e-03	2.8683278e-03	1.4337047e-03
112	2.8420140e-03	2.8412549e-03	1.4208792e-03
113	2.8167979e-03	2.8174808e-03	1.4082813e-03
114	2.7921535e-03	2.7914704e-03	1.3959111e-03
115	2.7678481e-03	2.7686071e-03	1.3837685e-03
116	2.7440386e-03	2.7432039e-03	1.3718536e-03
117	2.7204922e-03	2.7212510e-03	1.3600906e-03
118	2.6975174e-03	2.6967586e-03	1.3485551e-03
119	2.6748057e-03	2.6754129e-03	1.3372473e-03
120	2.6525899e-03	2.6519829e-03	1.3260914e-03
121	2.6305614e-03	2.6312445e-03	1.3151631e-03
122	2.6091044e-03	2.6084215e-03	1.3043865e-03
123	2.5877589e-03	2.5885936e-03	1.2937618e-03
124	2.5670608e-03	2.5662261e-03	1.2833647e-03
125	2.5463223e-03	2.5473090e-03	1.2731195e-03
126	2.5263075e-03	2.5253966e-03	1.2630259e-03
127	2.5062519e-03	2.5070866e-03	1.2530842e-03
128	2.4868441e-03	2.4860851e-03	1.2432942e-03
129	2.4673957e-03	2.4680786e-03	1.2336561e-03
130	2.4485949e-03	2.4478361e-03	1.2241697e-03
131	2.4297538e-03	2.4304369e-03	1.2148352e-03
132	2.4114843e-03	2.4108014e-03	1.2056524e-03
133	2.3931742e-03	2.3940091e-03	1.1966213e-03
134	2.3755119e-03	2.3746772e-03	1.1876662e-03
135	2.3577332e-03	2.3584922e-03	1.1788629e-03
136	2.3406022e-03	2.3397673e-03	1.1702112e-03
137	2.3232787e-03	2.3241895e-03	1.1616356e-03
138	2.3066788e-03	2.3057682e-03	1.1532117e-03
139	2.2898866e-03	2.2907974e-03	1.1449396e-03
140	2.2736662e-03	2.2728315e-03	1.1367433e-03
141	2.2574053e-03	2.2581643e-03	1.1286989e-03
142	2.2416404e-03	2.2409572e-03	1.1207303e-03
143	2.2258346e-03	2.2265937e-03	1.1129136e-03
144	2.2105249e-03	2.2098420e-03	1.1051727e-03
145	2.1951748e-03	2.1957818e-03	1.0975836e-03
146	2.1802445e-03	2.1796373e-03	1.0900703e-03
147	2.1652738e-03	2.1658808e-03	1.0826330e-03
148	2.1507987e-03	2.1501917e-03	1.0753475e-03
149	2.1362074e-03	2.1367387e-03	1.0681378e-03
150	2.1221119e-03	2.1216567e-03	1.0610041e-03
151	2.1079001e-03	2.1085073e-03	1.0539462e-03
152	2.0941840e-03	2.0935768e-03	1.0470402e-03
153	2.0803516e-03	2.0810347e-03	1.0402100e-03
154	2.0670150e-03	2.0662562e-03	1.0334557e-03
155	2.0534862e-03	2.0543211e-03	1.0267773e-03
156	2.0405292e-03	2.0396942e-03	1.0201747e-03
157	2.0273039e-03	2.0280627e-03	1.0136481e-03
158	2.0147262e-03	2.0140433e-03	1.0071974e-03
159	2.0018045e-03	2.0024115e-03	1.0008984e-03
160	1.9895304e-03	1.9889991e-03	9.9467544e-04
161	1.9769121e-03	1.9773676e-03	9.8852825e-04
162	1.9650175e-03	1.9645623e-03	9.8245696e-04
163	1.9526271e-03	1.9532342e-03	9.7646157e-04
164	1.9410361e-03	1.9404289e-03	9.7054208e-04
165	1.9290250e-03	1.9297081e-03	9.6469844e-04
166	1.9175857e-03	1.9169027e-03	9.5885486e-04
167	1.9059542e-03	1.9067890e-03	9.5308712e-04
168	1.8947425e-03	1.8939836e-03	9.4739528e-04
169	1.8834146e-03	1.8841735e-03	9.4177935e-04
170	1.8724306e-03	1.8716716e-03	9.3623932e-04
171	1.8614061e-03	1.8621651e-03	9.3077519e-04
172	1.8506498e-03	1.8499668e-03	9.2538691e-04
173	1.8399290e-03	1.8404602e-03	9.2007453e-04
174	1.8293245e-03	1.8288691e-03	9.1476220e-04
175	1.8189072e-03	1.8193625e-03	9.0952567e-04
176	1.8085304e-03	1.8080750e-03	9.0436509e-04
177	1.7984166e-03	1.7988720e-03	8.9928042e-04
178	1.7881916e-03	1.7877362e-03	8.9419569e-04
179	1.7783055e-03	1.7788367e-03	8.8918692e-04
180	1.7683081e-03	1.7678528e-03	8.8425400e-04
181	1.7586497e-03	1.7592569e-03	8.7939698e-04
182	1.7488800e-03	1.7482729e-03	8.7453995e-04
183	1.7394493e-03	1.7399805e-03	8.6975883e-04
184	1.7298314e-03	1.7293001e-03	8.6505356e-04
185	1.7207043e-03	1.7213114e-03	8.6034834e-04
186	1.7112382e-03	1.7106310e-03	8.5571897e-04
187	1.7022628e-03	1.7029458e-03	8.5116550e-04
188	1.6930243e-03	1.6924172e-03	8.4661209e-04
189	1.6842766e-03	1.6847319e-03	8.4213447e-04
190	1.6751899e-03	1.6748104e-03	8.3773280e-04
191	1.6666699e-03	1.6671253e-03	8.3333114e-04
192	1.6577350e-03	1.6572038e-03	8.2900538e-04
193	1.6493667e-03	1.6498221e-03	8.2467956e-04
194	1.6406595e-03	1.6402041e-03	8.2042965e-04
195	1.6324430e-03	1.6328224e-03	8.1625569e-04
196	1.6238876e-03	1.6235082e-03	8.1208168e-04
197	1.6158988e-03	1.6164300e-03	8.0798357e-04
198	1.6074951e-03	1.6069639e-03	8.0388546e-04
199	1.5996582e-03	1.6001894e-03	7.9986319e-04
200	1.5914063e-03	1.5908750e-03	7.9584098e-04
201	1.5837210e-03	1.5844040e-03	7.9189468e-04
202	1.5756969e-03	1.5749380e-03	7.8794832e-04
203	1.5680875e-03	1.5687705e-03	7.8407791e-04
204	1.5602909e-03	1.5596079e-03	7.8020745e-04
205	1.5527575e-03	1.5534405e-03	7.7641290e-04
206	1.5451127e-03	1.5444297e-03	7.7261834e-04
207	1.5378069e-03	1.5385658e-03	7.6889968e-04
208	1.5302381e-03	1.5295551e-03	7.6518103e-04
209	1.5230841e-03	1.5236912e-03	7.6153828e-04
210	1.5156671e-03	1.5151358e-03	7.5789547e-04
211	1.5086648e-03	1.5092719e-03	7.5432862e-04
212	1.5013237e-03	1.5007165e-03	7.5076177e-04
213	1.4945491e-03	1.4951562e-03	7.4727077e-04
214	1.4872839e-03	1.4866008e-03	7.4377976e-04
215	1.4806611e-03	1.4813441e-03	7.4028881e-04
216	1.4734716e-03	1.4727886e-03	7.3687371e-04
217	1.4670007e-03	1.4678355e-03	7.3345861e-04
218	1.4599630e-03	1.4591282e-03	7.3011941e-04
219	1.4536439e-03	1.4544787e-03	7.2678021e-04
220	1.4466821e-03	1.4457714e-03	7.2344101e-04
221	1.4405147e-03	1.4414254e-03	7.2017766e-04
222	1.4336288e-03	1.4327182e-03	7.1691436e-04
223	1.4276132e-03	1.4283721e-03	7.1372691e-04
224	1.4208033e-03	1.4199686e-03	7.1053952e-04
225	1.4149394e-03	1.4156224e-03	7.0735213e-04
226	1.4082054e-03	1.4075224e-03	7.0424058e-04
227	1.4024933e-03	1.4031763e-03	7.0112903e-04
228	1.3958352e-03	1.3952281e-03	6.9801748e-04
229	1.3902748e-03	1.3908821e-03	6.9498189e-04
230	1.3836926e-03	1.3830855e-03	6.9194625e-04
231	1.3782082e-03	1.3787395e-03	6.8898650e-04
232	1.3717777e-03	1.3712465e-03	6.8602670e-04
233	1.3663692e-03	1.3669005e-03	6.8306696e-04
234	1.3600906e-03	1.3595592e-03	6.8018312e-04
235	1.3546820e-03	1.3552132e-03	6.7729928e-04
236	1.3485551e-03	1.3480239e-03	6.7441538e-04
237	1.3432984e-03	1.3436779e-03	6.7160744e-04
238	1.3371714e-03	1.3367920e-03	6.6879945e-04
239	1.3320665e-03	1.3324460e-03	6.6599151e-04
240	1.3260914e-03	1.3257118e-03	6.6318351e-04
241	1.3209864e-03	1.3213658e-03	6.6045148e-04
242	1.3150872e-03	1.3147836e-03	6.5771939e-04
243	1.3101340e-03	1.3104376e-03	6.5498729e-04
244	1.3043106e-03	1.3040070e-03	6.5233110e-04
245	1.2994334e-03	1.2996610e-03	6.4967497e-04
246	1.2936859e-03	1.2935341e-03	6.4701878e-04
247	1.2889605e-03	1.2891880e-03	6.4436259e-04
248	1.2832129e-03	1.2830611e-03	6.4178230e-04
249	1.2786392e-03	1.2787151e-03	6.3920202e-04
250	1.2729677e-03	1.2728918e-03	6.3662167e-04
251	1.2683939e-03	1.2685457e-03	6.3411728e-04
252	1.2628741e-03	1.2627224e-03	6.3161290e-04
253	1.2583764e-03	1.2586799e-03	6.2910846e-04
254	1.2529325e-03	1.2527048e-03	6.2660407e-04
255	1.2485106e-03	1.2486622e-03	6.2417559e-04
256	1.2431425e-03	1.2429907e-03	6.2174705e-04
257	1.2387965e-03	1.2389482e-03	6.1931857e-04
258	1.2335044e-03	1.2334285e-03	6.1689003e-04
259	1.2292342e-03	1.2293860e-03	6.1453739e-04
260	1.2240179e-03	1.2238661e-03	6.1218481e-04
261	1.2198237e-03	1.2198237e-03	6.0983218e-04
262	1.2146834e-03	1.2146075e-03	6.0747954e-04
263	1.2105650e-03	1.2105650e-03	6.0520280e-04
264	1.2054247e-03	1.2055006e-03	6.0292607e-04
265	1.2014582e-03	1.2014582e-03	6.0064939e-04
266	1.1963936e-03	1.1963936e-03	5.9837266e-04
267	1.1924271e-03	1.1923512e-03	5.9609592e-04
268	1.1874385e-03	1.1875903e-03	5.9389509e-04
269	1.1835478e-03	1.1835478e-03	5.9169420e-04
270	1.1787111e-03	1.1786352e-03	5.8949337e-04
271	1.1747445e-03	1.1748963e-03	5.8729254e-04
272	1.1700594e-03	1.1699835e-03	5.8516761e-04
273	1.1661688e-03	1.1662447e-03	5.8304268e-04
274	1.1614838e-03	1.1614838e-03	5.8091769e-04
275	1.1577449e-03	1.1577449e-03	5.7879277e-04
276	1.1530599e-03	1.1529840e-03	5.7666784e-04
277	1.1493969e-03	1.1495487e-03	5.7461875e-04
278	1.1447119e-03	1.1446360e-03	5.7256973e-04
279	1.1412007e-03	1.1412007e-03	5.7052064e-04
280	1.1365156e-03	1.1364397e-03	5.6847156e-04
281	1.1330803e-03	1.1330044e-03	5.6642253e-04
282	1.1284712e-03	1.1285471e-03	5.6444935e-04
283	1.1250359e-03	1.1251117e-03	5.6247617e-04
284	1.1205026e-03	1.1205026e-03	5.6050305e-04
285	1.1171432e-03	1.1170673e-03	5.5852986e-04
286	1.1126859e-03	1.1127618e-03	5.5655668e-04
287	1.1094023e-03	1.1093265e-03	5.5458356e-04
288	1.1049450e-03	1.1050209e-03	5.5268628e-04
289	1.1017374e-03	1.1015856e-03	5.5078900e-04
290	1.0972800e-03	1.0974318e-03	5.4889172e-04
291	1.0941483e-03	1.0939965e-03	5.4699444e-04
292	1.0897669e-03	1.0899944e-03	5.4509717e-04
293	1.0867110e-03	1.0865591e-03	5.4319989e-04
294	1.0823294e-03	1.0825571e-03	5.4137851e-04
295	1.0793495e-03	1.0791218e-03	5.3955714e-04
296	1.0750439e-03	1.0752716e-03	5.3773576e-04
297	1.0720639e-03	1.0718363e-03	5.3591433e-04
298	1.0678343e-03	1.0681378e-03	5.3409295e-04
299	1.0649302e-03	1.0647025e-03	5.3227157e-04
300	1.0607005e-03	1.0608523e-03	5.3052610e-04
301	1.0578723e-03	1.0577205e-03	5.2878057e-04
302	1.0536427e-03	1.0537186e-03	5.2703510e-04
303	1.0508904e-03	1.0508904e-03	5.2528962e-04
304	1.0467366e-03	1.0467366e-03	5.2354409e-04
305	1.0439843e-03	1.0439084e-03	5.2179862e-04
306	1.0399064e-03	1.0399064e-03	5.2012905e-04
307	1.0371541e-03	1.0370782e-03	5.1845942e-04
308	1.0331521e-03	1.0332280e-03	5.1678979e-04
309	1.0304757e-03	1.0303998e-03	5.1512022e-04
310	1.0264737e-03	1.0265496e-03	5.1345059e-04
311	1.0237973e-03	1.0237214e-03	5.1178102e-04
312	1.0199471e-03	1.0200230e-03	5.1011139e-04
313	1.0172706e-03	1.0171948e-03	5.0851773e-04
314	1.0134204e-03	1.0134963e-03	5.0692400e-04
315	1.0108199e-03	1.0106681e-03	5.0533027e-04
316	1.0069697e-03	1.0071215e-03	5.0373655e-04
317	1.0044451e-03	1.0042933e-03	5.0214288e-04
318	1.0006708e-03	1.0007466e-03	5.0054915e-04
319	9.9814613e-04	9.9791843e-04	4.9895543e-04
320	9.9437183e-04	9.9467544e-04	4.9736170e-04
321	9.9199894e-04	9.9154364e-04	4.9584388e-04
322	9.8814873e-04	9.8860415e-04	4.9432606e-04
323	9.8585174e-04	9.8547235e-04	4.9280829e-04
324	9.8207744e-04	9.8238105e-04	4.9129047e-04
325	9.7978057e-04	9.7955286e-04	4.8977265e-04
326	9.7600621e-04	9.7630976e-04	4.8825479e-04
327	9.7386102e-04	9.7348157e-04	4.8673700e-04
328	9.7001082e-04	9.7039028e-04	4.8521918e-04
329	9.6794154e-04	9.6756208e-04	4.8377723e-04
330	9.6416724e-04	9.6447079e-04	4.8233531e-04
331	9.6209790e-04	9.6164260e-04	4.8089339e-04
332	9.5832360e-04	9.5885486e-04	4.7945144e-04
333	9.5633022e-04	9.5572305e-04	4.7800952e-04
334	9.5255591e-04	9.5323892e-04	4.7656760e-04
335	9.5063838e-04	9.5010712e-04	4.7512568e-04
336	9.4686408e-04	9.4747118e-04	4.7368373e-04
337	9.4502245e-04	9.4433944e-04	4.7224181e-04
338	9.4124814e-04	9.4200706e-04	4.7087576e-04
339	9.3948242e-04	9.3857170e-04	4.6950975e-04
340	9.3570811e-04	9.3654287e-04	4.6814370e-04
341	9.3394239e-04	9.3310757e-04	4.6677765e-04
342	9.3024393e-04	9.3107874e-04	4.6541161e-04
343	9.2847820e-04	9.2764338e-04	4.6404559e-04
344	9.2485570e-04	9.2561461e-04	4.6267954e-04
345	9.2308997e-04	9.2248281e-04	4.6131350e-04
346	9.1954332e-04	9.2015043e-04	4.5994748e-04
347	9.1777759e-04	9.1701868e-04	4.5865733e-04
348	9.1423094e-04	9.1498985e-04	4.5736716e-04
349	9.1254112e-04	9.1185811e-04	4.5607702e-04
350	9.0899447e-04	9.0967747e-04	4.5478687e-04
351	9.0730464e-04	9.0654573e-04	4.5349673e-04
352	9.0383389e-04	9.0466865e-04	4.5220659e-04
353	9.0214406e-04	9.0123335e-04	4.5091644e-04
354	8.9874916e-04	8.9965988e-04	4.4962630e-04
355	8.9705933e-04	8.9622452e-04	4.4833616e-04
356	8.9374039e-04	8.9449930e-04	4.4704601e-04
357	8.9197466e-04	8.9136750e-04	4.4575584e-04
358	8.8880747e-04	8.8933867e-04	4.4454160e-04
359	8.8696583e-04	8.8651048e-04	4.4332733e-04
360	8.8387454e-04	8.8432990e-04	4.4211309e-04
361	8.8203291e-04	8.8150171e-04	4.4089882e-04
362	8.7901752e-04	8.7962463e-04	4.3968458e-04
363	8.7717589e-04	8.7649288e-04	4.3847031e-04
364	8.7416050e-04	8.7491941e-04	4.3725607e-04
365	8.7239477e-04	8.7178766e-04	4.3604180e-04
366	8.6937938e-04	8.7006239e-04	4.3482755e-04
367	8.6761365e-04	8.6693064e-04	4.3361328e-04
368	8.6467410e-04	8.6535711e-04	4.3239904e-04
369	8.6290837e-04	8.6222537e-04	4.3126068e-04
370	8.6004479e-04	8.6065190e-04	4.3012231e-04
371	8.5820316e-04	8.5752015e-04	4.2898394e-04
372	8.5541542e-04	8.5609843e-04	4.2784557e-04
373	8.5364969e-04	8.5296668e-04	4.2670721e-04
374	8.5078605e-04	8.5154496e-04	4.2556884e-04
375	8.4909622e-04	8.4841321e-04	4.2443047e-04
376	8.4630848e-04	8.4699155e-04	4.2329211e-04
377	8.4454275e-04	8.4385974e-04	4.2215377e-04
378	8.4183092e-04	8.4258983e-04	4.2101540e-04
379	8.4014109e-04	8.3945808e-04	4.1987703e-04
380	8.3735335e-04	8.3803636e-04	4.1873867e-04
381	8.3573943e-04	8.3520816e-04	4.1767617e-04
382	8.3295169e-04	8.3348295e-04	4.1661371e-04
383	8.3141361e-04	8.3095831e-04	4.1555124e-04
384	8.2862593e-04	8.2908123e-04	4.1448875e-04
385	8.2708785e-04	8.2655658e-04	4.1342629e-04
386	8.2430011e-04	8.2483137e-04	4.1236382e-04
387	8.2283793e-04	8.2230673e-04	4.1130136e-04
388	8.2005019e-04	8.2058145e-04	4.1023886e-04
389	8.1858807e-04	8.1805681e-04	4.0917640e-04
390	8.1587624e-04	8.1633154e-04	4.0811393e-04
391	8.1441406e-04	8.1380690e-04	4.0705144e-04
392	8.1170222e-04	8.1223343e-04	4.0598898e-04
393	8.1024005e-04	8.0970878e-04	4.0492651e-04
394	8.0760411e-04	8.0813532e-04	4.0386402e-04
395	8.0614194e-04	8.0561067e-04	4.0287746e-04
396	8.0350600e-04	8.0403720e-04	4.0189087e-04
397	8.0211973e-04	8.0151256e-04	4.0090428e-04
398	7.9940789e-04	8.0009090e-04	3.9991768e-04
399	7.9809746e-04	7.9756626e-04	3.9893112e-04
400	7.9546153e-04	7.9599279e-04	3.9794453e-04
401	7.9407525e-04	7.9346815e-04	3.9695794e-04
402	7.9151522e-04	7.9219823e-04	3.9597135e-04
403	7.9012895e-04	7.8937004e-04	3.9498479e-04
404	7.8764476e-04	7.8840367e-04	3.9399820e-04
405	7.8618259e-04	7.8557548e-04	3.9301161e-04
406	7.8377430e-04	7.8445737e-04	3.9202502e-04
407	7.8231219e-04	7.8162912e-04	3.9103845e-04
408	7.7997980e-04	7.8066281e-04	3.9005186e-04
409	7.7844172e-04	7.7783462e-04	3.8906527e-04
410	7.7618525e-04	7.7686826e-04	3.8807871e-04
411	7.7464717e-04	7.7404006e-04	3.8716799e-04
412	7.7239069e-04	7.7307370e-04	3.8625731e-04
413	7.7092851e-04	7.7024550e-04	3.8534662e-04
414	7.6867203e-04	7.6927914e-04	3.8443593e-04
415	7.6720986e-04	7.6645095e-04	3.8352524e-04
416	7.6495338e-04	7.6578814e-04	3.8261455e-04
417	7.6356711e-04	7.6265639e-04	3.8170387e-04
418	7.6123473e-04	7.6214538e-04	3.8079315e-04
419	7.5992430e-04	7.5901364e-04	3.7988246e-04
420	7.5766782e-04	7.5850263e-04	3.7897177e-04
421	7.5628154e-04	7.5537089e-04	3.7806109e-04
422	7.5410097e-04	7.5501163e-04	3.7715040e-04
423	7.5271470e-04	7.5187988e-04	3.7623971e-04
424	7.5053406e-04	7.5136888e-04	3.7532902e-04
425	7.4914779e-04	7.4823713e-04	3.7441833e-04
426	7.4704306e-04	7.4787787e-04	3.7350762e-04
427	7.4558094e-04	7.4474612e-04	3.7259693e-04
428	7.4355211e-04	7.4438693e-04	3.7176214e-04
429	7.4216584e-04	7.4125512e-04	3.7092733e-04
430	7.4006111e-04	7.4104773e-04	3.7009254e-04
431	7.3875074e-04	7.3761237e-04	3.6925773e-04
432	7.3664600e-04	7.3770847e-04	3.6842295e-04
433	7.3533563e-04	7.3427317e-04	3.6758813e-04
434	7.3323090e-04	7.3421752e-04	3.6675332e-04
435	7.3192053e-04	7.3108572e-04	3.6591853e-04
436	7.2989170e-04	7.3072652e-04	3.6508372e-04
437	7.2858133e-04	7.2759477e-04	3.6424893e-04
438	7.2655251e-04	7.2753913e-04	3.6341412e-04
439	7.2524213e-04	7.2440732e-04	3.6257933e-04
440	7.2328921e-04	7.2404812e-04	3.6174452e-04
441	7.2190294e-04	7.2121993e-04	3.6090973e-04
442	7.2002591e-04	7.2070892e-04	3.6007492e-04
443	7.1863964e-04	7.1788073e-04	3.5924013e-04
444	7.1683846e-04	7.1752147e-04	3.5840532e-04
445	7.1537629e-04	7.1469328e-04	3.5757053e-04
446	7.1365107e-04	7.1433408e-04	3.5673572e-04
447	7.1211299e-04	7.1150588e-04	3.5590091e-04
448	7.1046362e-04	7.1114663e-04	3.5514202e-04
449	7.0900144e-04	7.0831843e-04	3.5438311e-04
450	7.0727622e-04	7.0795923e-04	3.5362420e-04
451	7.0588995e-04	7.0513104e-04	3.5286529e-04
452	7.0408877e-04	7.0492359e-04	3.5210638e-04
453	7.0277840e-04	7.0209539e-04	3.5134747e-04
454	7.0097728e-04	7.0173619e-04	3.5058855e-04
455	6.9974276e-04	6.9890794e-04	3.4982964e-04
456	6.9786573e-04	6.9870055e-04	3.4907073e-04
457	6.9670711e-04	6.9587230e-04	3.4831182e-04
458	6.9483009e-04	6.9566490e-04	3.4755291e-04
459	6.9367146e-04	6.9283671e-04	3.4679400e-04
460	6.9179444e-04	6.9262926e-04	3.4603509e-04
461	6.9063582e-04	6.8980106e-04	3.4527617e-04
462	6.8883470e-04	6.8959361e-04	3.4451726e-04
463	6.8767607e-04	6.8676542e-04	3.4375835e-04
464	6.8579905e-04	6.8670977e-04	3.4299944e-04
465	6.8471633e-04	6.8388152e-04	3.4224053e-04
466	6.8291521e-04	6.8367412e-04	3.4148162e-04
467	6.8175659e-04	6.8114948e-04	3.4072273e-04
468	6.8003131e-04	6.8063848e-04	3.3996382e-04
469	6.7879685e-04	6.7811384e-04	3.3920491e-04
470	6.7714747e-04	6.7790638e-04	3.3844600e-04
471	6.7591300e-04	6.7507819e-04	3.3776296e-04
472	6.7426363e-04	6.7517429e-04	3.3707995e-04
473	6.7310501e-04	6.7204254e-04	3.3639694e-04
474	6.7137979e-04	6.7244226e-04	3.3571391e-04
475	6.7029707e-04	6.6931045e-04	3.3503090e-04
476	6.6857180e-04	6.6955836e-04	3.3434789e-04
477	6.6748908e-04	6.6642661e-04	3.3366485e-04
478	6.6576386e-04	6.6682632e-04	3.3298184e-04
479	6.6468114e-04	6.6369452e-04	3.3229883e-04
480	6.6295586e-04	6.6394242e-04	3.3161580e-04
481	6.6194905e-04	6.6111423e-04	3.3093279e-04
482	6.6022377e-04	6.6105858e-04	3.3024975e-04
483	6.5921695e-04	6.5823039e-04	3.2956674e-04
484	6.5749174e-04	6.5847830e-04	3.2888373e-04
485	6.5648492e-04	6.5534655e-04	3.2820069e-04
486	6.5475964e-04	6.5589801e-04	3.2751769e-04
487	6.5382873e-04	6.5276626e-04	3.2683468e-04
488	6.5202755e-04	6.5316592e-04	3.2615164e-04
489	6.5117254e-04	6.5003417e-04	3.2546863e-04
490	6.4937136e-04	6.5058563e-04	3.2478562e-04
491	6.4851635e-04	6.4745388e-04	3.2410258e-04
492	6.4671517e-04	6.4785354e-04	3.2341958e-04
493	6.4593606e-04	6.4472179e-04	3.2273657e-04
494	6.4405904e-04	6.4527325e-04	3.2205353e-04
495	6.4335577e-04	6.4214150e-04	3.2137052e-04
496	6.4147869e-04	6.4269296e-04	3.2068751e-04
497	6.4069958e-04	6.3956121e-04	3.2000447e-04
498	6.3897431e-04	6.4011267e-04	3.1939734e-04
499	6.3811929e-04	6.3698093e-04	3.1879023e-04
500	6.3639402e-04	6.3753239e-04	3.1818310e-04
501	6.3553901e-04	6.3440064e-04	3.1757596e-04
502	6.3388963e-04	6.3510385e-04	3.1696883e-04
503	6.3303456e-04	6.3166855e-04	3.1636172e-04
504	6.3138519e-04	6.3267536e-04	3.1575459e-04
505	6.3053018e-04	6.2924001e-04	3.1514745e-04
506	6.2888081e-04	6.3009508e-04	3.1454032e-04
507	6.2802579e-04	6.2665972e-04	3.1393321e-04
508	6.2637642e-04	6.2781834e-04	3.1332608e-04
509	6.2559725e-04	6.2407943e-04	3.1271894e-04
510	6.2387198e-04	6.2538980e-04	3.1211181e-04
511	6.2316877e-04	6.2165095e-04	3.1150470e-04
512	6.2144350e-04	6.2296132e-04	3.1089757e-04
513	6.2074023e-04	6.1922241e-04	3.1029043e-04
514	6.1901496e-04	6.2053278e-04	3.0968330e-04
515	6.1831175e-04	6.1679393e-04	3.0907619e-04
516	6.1666238e-04	6.1810430e-04	3.0846905e-04
517	6.1588321e-04	6.1436539e-04	3.0786192e-04
518	6.1430974e-04	6.1582756e-04	3.0725478e-04
519	6.1353057e-04	6.1208865e-04	3.0664768e-04
520	6.1188126e-04	6.1339902e-04	3.0604054e-04
521	6.1117799e-04	6.0966017e-04	3.0543341e-04
522	6.0960453e-04	6.1112235e-04	3.0482627e-04
523	6.0882536e-04	6.0738344e-04	3.0421917e-04
524	6.0725189e-04	6.0869381e-04	3.0361203e-04
525	6.0654862e-04	6.0495490e-04	3.0300490e-04
526	6.0489925e-04	6.0656888e-04	3.0239776e-04
527	6.0427189e-04	6.0252642e-04	3.0179066e-04
528	6.0262252e-04	6.0429214e-04	3.0118352e-04
529	6.0191925e-04	6.0024968e-04	3.0057639e-04
530	6.0042168e-04	6.0201541e-04	3.0004515e-04
531	5.9964252e-04	5.9797295e-04	2.9951392e-04
532	5.9814495e-04	5.9973868e-04	2.9898269e-04
533	5.9736584e-04	5.9569621e-04	2.9845143e-04
534	5.9594412e-04	5.9761375e-04	2.9792020e-04
535	5.9508911e-04	5.9357128e-04	2.9738896e-04
536	5.9374329e-04	5.9533701e-04	2.9685773e-04
537	5.9288827e-04	5.9129455e-04	2.9632650e-04
538	5.9154246e-04	5.9306028e-04	2.9579527e-04
539	5.9068738e-04	5.8901781e-04	2.9526401e-04
540	5.8934162e-04	5.9093529e-04	2.9473277e-04
541	5.8848655e-04	5.8689289e-04	2.9420154e-04
542	5.8714079e-04	5.8881036e-04	2.9367031e-04
543	5.8636162e-04	5.8476790e-04	2.9313908e-04
544	5.8493990e-04	5.8653363e-04	2.9260785e-04
545	5.8423670e-04	5.8279472e-04	2.9207658e-04
546	5.8281497e-04	5.8425689e-04	2.9154535e-04
547	5.8211171e-04	5.8051804e-04	2.9101412e-04
548	5.8069004e-04	5.8228377e-04	2.9048289e-04
549	5.7998678e-04	5.7824131e-04	2.8995165e-04
550	5.7856506e-04	5.8031059e-04	2.8942042e-04
551	5.7786185e-04	5.7626812e-04	2.8888916e-04
552	5.7651603e-04	5.7803385e-04	2.8835793e-04
553	5.7573686e-04	5.7429494e-04	2.8782670e-04
554	5.7446695e-04	5.7590893e-04	2.8729546e-04
555	5.7361193e-04	5.7217001e-04	2.8676423e-04
556	5.7241792e-04	5.7393574e-04	2.8623300e-04
557	5.7156285e-04	5.6989328e-04	2.8570174e-04
558	5.7036884e-04	5.7196256e-04	2.8517051e-04
559	5.6951382e-04	5.6792010e-04	2.8463927e-04
560	5.6831981e-04	5.6998938e-04	2.8410804e-04
561	5.6746474e-04	5.6594692e-04	2.8357681e-04
562	5.6634663e-04	5.6786445e-04	2.8304558e-04
563	5.6541571e-04	5.6382199e-04	2.8251435e-04
564	5.6437345e-04	5.6589127e-04	2.8198308e-04
565	5.6336663e-04	5.6184881e-04	2.8145185e-04
566	5.6240032e-04	5.6391815e-04	2.8092062e-04
567	5.6139351e-04	5.5987568e-04	2.8038939e-04
568	5.6042714e-04	5.6194497e-04	2.7985816e-04
569	5.5942032e-04	5.5790250e-04	2.7940280e-04
570	5.5845396e-04	5.5997178e-04	2.7894747e-04
571	5.5744714e-04	5.5592932e-04	2.7849211e-04
572	5.5648078e-04	5.5799860e-04	2.7803675e-04
573	5.5554986e-04	5.5395620e-04	2.7758142e-04
574	5.5450766e-04	5.5617723e-04	2.7712606e-04
575	5.5365259e-04	5.5183121e-04	2.7667073e-04
576	5.5253447e-04	5.5435585e-04	2.7621537e-04
577	5.5175531e-04	5.5000983e-04	2.7576005e-04
578	5.5063720e-04	5.5238267e-04	2.7530469e-04
579	5.4985803e-04	5.4803665e-04	2.7484933e-04
580	5.4873992e-04	5.5056129e-04	2.7439400e-04
581	5.4796081e-04	5.4621528e-04	2.7393864e-04
582	5.4684264e-04	5.4858817e-04	2.7348331e-04
583	5.4606353e-04	5.4424210e-04	2.7302795e-04
584	5.4494536e-04	5.4676674e-04	2.7257262e-04
585	5.4424210e-04	5.4242072e-04	2.7211726e-04
586	5.4304808e-04	5.4494536e-04	2.7166191e-04
587	5.4242072e-04	5.4059934e-04	2.7120658e-04
588	5.4115080e-04	5.4297224e-04	2.7075122e-04
589	5.4059934e-04	5.3892977e-04	2.7029589e-04
590	5.3932943e-04	5.4099906e-04	2.6984053e-04
591	5.3877797e-04	5.3695659e-04	2.6938520e-04
592	5.3750805e-04	5.3932943e-04	2.6892984e-04
593	5.3695659e-04	5.3498341e-04	2.6847451e-04
594	5.3568667e-04	5.3765986e-04	2.6801915e-04
595	5.3513522e-04	5.3331384e-04	2.6756380e-04
596	5.3394120e-04	5.3568667e-04	2.6710847e-04
597	5.3331384e-04	5.3164421e-04	2.6665311e-04
598	5.3219567e-04	5.3386530e-04	2.6619778e-04
599	5.3149246e-04	5.2982284e-04	2.6574242e-04
600	5.3045020e-04	5.3204392e-04	2.6528709e-04
601	5.2967103e-04	5.2800146e-04	2.6483173e-04
602	5.2870472e-04	5.3037429e-04	2.6437637e-04
603	5.2792556e-04	5.2633183e-04	2.6392104e-04
604	5.2695919e-04	5.2855292e-04	2.6346568e-04
605	5.2618008e-04	5.2451045e-04	2.6301036e-04
606	5.2521372e-04	5.2688335e-04	2.6255500e-04
607	5.2443455e-04	5.2284088e-04	2.6209967e-04
608	5.2346825e-04	5.2506191e-04	2.6164431e-04
609	5.2276498e-04	5.2101945e-04	2.6118895e-04
610	5.2172272e-04	5.2354409e-04	2.6073362e-04
611	5.2109535e-04	5.1919807e-04	2.6027826e-04
612	5.1997724e-04	5.2187452e-04	2.5982293e-04
613	5.1942578e-04	5.1752850e-04	2.5936757e-04
614	5.1823177e-04	5.2020489e-04	2.5891225e-04
615	5.1775615e-04	5.1585888e-04	2.5845689e-04
616	5.1656214e-04	5.1838352e-04	2.5800153e-04
617	5.1608658e-04	5.1434105e-04	2.5754620e-04
618	5.1489257e-04	5.1656214e-04	2.5716674e-04
619	5.1441696e-04	5.1282323e-04	2.5678729e-04
620	5.1322294e-04	5.1474076e-04	2.5640783e-04
621	5.1274739e-04	5.1130541e-04	2.5602838e-04
622	5.1155331e-04	5.1307114e-04	2.5564892e-04
623	5.1115366e-04	5.0963584e-04	2.5526946e-04
624	5.0988374e-04	5.1140157e-04	2.5489001e-04
625	5.0955993e-04	5.0796621e-04	2.5451055e-04
626	5.0821411e-04	5.0988374e-04	2.5413110e-04
627	5.0796621e-04	5.0614483e-04	2.5375164e-04
628	5.0654454e-04	5.0836592e-04	2.5337219e-04
629	5.0637254e-04	5.0462701e-04	2.5299273e-04
630	5.0495082e-04	5.0669629e-04	2.5261327e-04
631	5.0477881e-04	5.0295744e-04	2.5223382e-04
632	5.0335709e-04	5.0517853e-04	2.5185436e-04
633	5.0318509e-04	5.0143962e-04	2.5147491e-04
634	5.0176342e-04	5.0350890e-04	2.5109545e-04
635	5.0159136e-04	4.9976999e-04	2.5071600e-04
636	5.0016970e-04	5.0199107e-04	2.5033654e-04
637	4.9999770e-04	4.9825216e-04	2.4995708e-04
638	4.9865188e-04	5.0032145e-04	2.4957763e-04
639	4.9840397e-04	4.9658259e-04	2.4919817e-04
640	4.9705815e-04	4.9895543e-04	2.4881875e-04
641	4.9688615e-04	4.9491297e-04	2.4843929e-04
642	4.9554033e-04	4.9743761e-04	2.4805983e-04
643	4.9529242e-04	4.9339514e-04	2.4768038e-04
644	4.9402250e-04	4.9591978e-04	2.4730092e-04
645	4.9377460e-04	4.9187732e-04	2.4692147e-04
646	4.9250468e-04	4.9440196e-04	2.4654201e-04
647	4.9218093e-04	4.9035950e-04	2.4616256e-04
648	4.9098686e-04	4.9288414e-04	2.4578310e-04
649	4.9066311e-04	4.8884167e-04	2.4540364e-04
650	4.8946904e-04	4.9136631e-04	2.4502419e-04
651	4.8922113e-04	4.8732388e-04	2.4464473e-04
652	4.8795124e-04	4.8984849e-04	2.4426528e-04
653	4.8770334e-04	4.8580606e-04	2.4388582e-04
654	4.8643342e-04	4.8833073e-04	2.4350637e-04
655	4.8626142e-04	4.8428823e-04	2.4312691e-04
656	4.8491560e-04	4.8696465e-04	2.4274745e-04
657	4.8481947e-04	4.8261863e-04	2.4236800e-04
658	4.8339777e-04	4.8559863e-04	2.4198854e-04
659	4.8337755e-04	4.8125259e-04	2.4160909e-04
660	4.8195585e-04	4.8408081e-04	2.4122963e-04
661	4.8185972e-04	4.7973479e-04	2.4085018e-04
662	4.8051393e-04	4.8271476e-04	2.4047072e-04
663	4.8041780e-04	4.7836875e-04	2.4009126e-04
664	4.7907198e-04	4.8104516e-04	2.3971181e-04
665	4.7897588e-04	4.7700270e-04	2.3933235e-04
666	4.7763006e-04	4.7952734e-04	2.3895290e-04
667	4.7753393e-04	4.7578846e-04	2.3857344e-04
668	4.7618814e-04	4.7800952e-04	2.3819400e-04
669	4.7609201e-04	4.7427064e-04	2.3781454e-04
670	4.7482210e-04	4.7664347e-04	2.3743509e-04
671	4.7465009e-04	4.7290459e-04	2.3705563e-04
672	4.7338018e-04	4.7512568e-04	2.3667618e-04
673	4.7328405e-04	4.7138677e-04	2.3629672e-04
674	4.7193826e-04	4.7391141e-04	2.3591726e-04
675	4.7191800e-04	4.6986894e-04	2.3553781e-04
676	4.7049631e-04	4.7254536e-04	2.3515835e-04
677	4.7055198e-04	4.6850293e-04	2.3477890e-04
678	4.6913029e-04	4.7117934e-04	2.3439944e-04
679	4.6911003e-04	4.6713688e-04	2.3401999e-04
680	4.6776424e-04	4.6981330e-04	2.3364053e-04
681	4.6774402e-04	4.6577083e-04	2.3326107e-04
682	4.6639820e-04	4.6844725e-04	2.3288162e-04
683	4.6637797e-04	4.6440479e-04	2.3250216e-04
684	4.6503215e-04	4.6708123e-04	2.3219861e-04
685	4.6501192e-04	4.6303877e-04	2.3189504e-04
686	4.6366613e-04	4.6571519e-04	2.3159148e-04
687	4.6364588e-04	4.6167272e-04	2.3128791e-04
688	4.6237599e-04	4.6434914e-04	2.3098435e-04
689	4.6227986e-04	4.6030668e-04	2.3068079e-04
690	4.6100994e-04	4.6298309e-04	2.3037722e-04
691	4.6098972e-04	4.5894066e-04	2.3007365e-04
692	4.5964390e-04	4.6176885e-04	2.2977010e-04
693	4.5969957e-04	4.5742284e-04	2.2946653e-04
694	4.5827788e-04	4.6055458e-04	2.2916296e-04
695	4.5840940e-04	4.5620857e-04	2.2885940e-04
696	4.5691183e-04	4.5918857e-04	2.2855584e-04
697	4.5711925e-04	4.5484255e-04	2.2825228e-04
698	4.5562169e-04	4.5782252e-04	2.2794871e-04
699	4.5575324e-04	4.5347650e-04	2.2764514e-04
700	4.5433154e-04	4.5660825e-04	2.2734157e-04
701	4.5446309e-04	4.5226223e-04	2.2703802e-04
702	4.5304140e-04	4.5524223e-04	2.2673445e-04
703	4.5317292e-04	4.5089622e-04	2.2643089e-04
704	4.5175123e-04	4.5402796e-04	2.2612732e-04
705	4.5188278e-04	4.4968195e-04	2.2582377e-04
706	4.5046108e-04	4.5266195e-04	2.2552020e-04
707	4.5059263e-04	4.4831590e-04	2.2521663e-04
708	4.4924684e-04	4.5144768e-04	2.2491306e-04
709	4.4930249e-04	4.4710166e-04	2.2460951e-04
710	4.4795670e-04	4.5023343e-04	2.2430594e-04
711	4.4808825e-04	4.4588739e-04	2.2400238e-04
712	4.4666656e-04	4.4886739e-04	2.2369881e-04
713	4.4679808e-04	4.4452137e-04	2.2339525e-04
714	4.4545229e-04	4.4765312e-04	2.2309169e-04
715	4.4558384e-04	4.4330710e-04	2.2278812e-04
716	4.4416214e-04	4.4643888e-04	2.2248455e-04
717	4.4436957e-04	4.4209286e-04	2.2218100e-04
718	4.4287200e-04	4.4522461e-04	2.2187743e-04
719	4.4315532e-04	4.4087859e-04	2.2157386e-04
720	4.4165773e-04	4.4385859e-04	2.2127030e-04
721	4.4194105e-04	4.3981613e-04	2.2096674e-04
722	4.4044349e-04	4.4249254e-04	2.2066318e-04
723	4.4072681e-04	4.3875363e-04	2.2035961e-04
724	4.3915334e-04	4.4112650e-04	2.2005604e-04
725	4.3951254e-04	4.3769117e-04	2.1975249e-04
726	4.3801498e-04	4.3976045e-04	2.1944892e-04
727	4.3829830e-04	4.3662870e-04	2.1914535e-04
728	4.3680071e-04	4.3839443e-04	2.1884179e-04
729	4.3708403e-04	4.3556621e-04	2.1853823e-04
730	4.3558647e-04	4.3718016e-04	2.1823467e-04
731	4.3586979e-04	4.3435197e-04	2.1793110e-04
732	4.3444810e-04	4.3596592e-04	2.1762753e-04
733	4.3465552e-04	4.3313770e-04	2.1732398e-04
734	4.3323383e-04	4.3475165e-04	2.1702041e-04
735	4.3351715e-04	4.3192346e-04	2.1671684e-04
736	4.3201959e-04	4.3368919e-04	2.1641327e-04
737	4.3237882e-04	4.3055741e-04	2.1610971e-04
738	4.3080532e-04	4.3262672e-04	2.1580615e-04
739	4.3124045e-04	4.2949495e-04	2.1550259e-04
740	4.2966695e-04	4.3141245e-04	2.1519902e-04
741	4.3002618e-04	4.2828068e-04	2.1489545e-04
742	4.2852858e-04	4.3034999e-04	2.1459190e-04
743	4.2888781e-04	4.2691466e-04	2.1428833e-04
744	4.2739025e-04	4.2928749e-04	2.1398476e-04
745	4.2767357e-04	4.2585217e-04	2.1368120e-04
746	4.2625188e-04	4.2807325e-04	2.1337764e-04
747	4.2653520e-04	4.2463792e-04	2.1307408e-04
748	4.2511351e-04	4.2701079e-04	2.1277051e-04
749	4.2539684e-04	4.2357546e-04	2.1246694e-04
750	4.2397514e-04	4.2579652e-04	2.1216339e-04
751	4.2425847e-04	4.2236119e-04	2.1185982e-04
752	4.2283678e-04	4.2473405e-04	2.1155625e-04
753	4.2319600e-04	4.2129873e-04	2.1125269e-04
754	4.2169841e-04	4.2351978e-04	2.1094913e-04
755	4.2205764e-04	4.2038804e-04	2.1064556e-04
756	4.2056004e-04	4.2230554e-04	2.1034200e-04
757	4.2099514e-04	4.1917377e-04	2.1003843e-04
758	4.1942167e-04	4.2124305e-04	2.0973488e-04
759	4.1985678e-04	4.1811130e-04	2.0943131e-04
760	4.1835921e-04	4.2002881e-04	2.0912774e-04
761	4.1871841e-04	4.1720062e-04	2.0882417e-04
762	4.1729672e-04	4.1881454e-04	2.0852062e-04
763	4.1758007e-04	4.1598635e-04	2.0821705e-04
764	4.1623425e-04	4.1790385e-04	2.0791349e-04
765	4.1651758e-04	4.1477210e-04	2.0760992e-04
766	4.1509588e-04	4.1684139e-04	2.0730637e-04
767	4.1545511e-04	4.1370961e-04	2.0700280e-04
768	4.1403342e-04	4.1577892e-04	2.0669923e-04
769	4.1439265e-04	4.1264715e-04	2.0639566e-04
770	4.1289505e-04	4.1471643e-04	2.0609211e-04
771	4.1333016e-04	4.1158468e-04	2.0578854e-04
772	4.1183259e-04	4.1365396e-04	2.0548498e-04
773	4.1226769e-04	4.1052219e-04	2.0518141e-04
774	4.1077010e-04	4.1259150e-04	2.0487784e-04
775	4.1120523e-04	4.0945972e-04	2.0465018e-04
776	4.0970763e-04	4.1152901e-04	2.0442250e-04
777	4.1014273e-04	4.0839726e-04	2.0419483e-04
778	4.0864517e-04	4.1046654e-04	2.0396715e-04
779	4.0908027e-04	4.0733477e-04	2.0373949e-04
780	4.0765858e-04	4.0940408e-04	2.0351181e-04
781	4.0801780e-04	4.0627230e-04	2.0328414e-04
782	4.0659611e-04	4.0834158e-04	2.0305646e-04
783	4.0695531e-04	4.0520984e-04	2.0282879e-04
784	4.0560952e-04	4.0727912e-04	2.0260112e-04
785	4.0589285e-04	4.0414734e-04	2.0237344e-04
786	4.0454706e-04	4.0636843e-04	2.0214578e-04
787	4.0490626e-04	4.0293310e-04	2.0191810e-04
788	4.0348456e-04	4.0545774e-04	2.0169043e-04
789	4.0391969e-04	4.0202242e-04	2.0146275e-04
790	4.0242210e-04	4.0439525e-04	2.0123507e-04
791	4.0293310e-04	4.0095992e-04	2.0100741e-04
792	4.0135963e-04	4.0333279e-04	2.0077973e-04
793	4.0194651e-04	3.9989746e-04	2.0055207e-04
794	4.0037304e-04	4.0242210e-04	2.0032439e-04
795	4.0088405e-04	3.9898677e-04	2.0009672e-04
796	3.9938645e-04	4.0135963e-04	1.9986904e-04
797	3.9989746e-04	3.9792430e-04	1.9964136e-04
798	3.9839986e-04	4.0029714e-04	1.9941370e-04
799	3.9883499e-04	3.9686181e-04	1.9918602e-04
800	3.9741330e-04	3.9938645e-04	1.9895835e-04
801	3.9784840e-04	3.9595112e-04	1.9873068e-04
802	3.9642671e-04	3.9832399e-04	1.9850301e-04
803	3.9686181e-04	3.9488866e-04	1.9827533e-04
804	3.9544012e-04	3.9741330e-04	1.9804765e-04
805	3.9587525e-04	3.9397797e-04	1.9781999e-04
806	3.9445356e-04	3.9635081e-04	1.9759231e-04
807	3.9488866e-04	3.9291548e-04	1.9736464e-04
808	3.9346697e-04	3.9544012e-04	1.9713696e-04
809	3.9397797e-04	3.9200479e-04	1.9690930e-04
810	3.9248038e-04	3.9437765e-04	1.9668162e-04
811	3.9299138e-04	3.9094232e-04	1.9645394e-04
812	3.9149378e-04	3.9361874e-04	1.9622628e-04
813	3.9200479e-04	3.8987986e-04	1.9599860e-04
814	3.9058310e-04	3.9270805e-04	1.9577093e-04
815	3.9101820e-04	3.8896914e-04	1.9554325e-04
816	3.8959651e-04	3.9164559e-04	1.9531559e-04
817	3.9010751e-04	3.8790668e-04	1.9508791e-04
818	3.8860994e-04	3.9088668e-04	1.9486024e-04
819	3.8919682e-04	3.8684421e-04	1.9463256e-04
820	3.8762335e-04	3.8997596e-04	1.9440489e-04
821	3.8828613e-04	3.8593353e-04	1.9417722e-04
822	3.8663676e-04	3.8906527e-04	1.9394954e-04
823	3.8737545e-04	3.8502281e-04	1.9372188e-04
824	3.8572607e-04	3.8800281e-04	1.9349420e-04
825	3.8638886e-04	3.8426393e-04	1.9326653e-04
826	3.8481539e-04	3.8694034e-04	1.9303885e-04
827	3.8547817e-04	3.8320143e-04	1.9281117e-04
828	3.8382880e-04	3.8618143e-04	1.9258351e-04
829	3.8456748e-04	3.8213897e-04	1.9235583e-04
830	3.8291811e-04	3.8527075e-04	1.9212817e-04
831	3.8365679e-04	3.8122828e-04	1.9190049e-04
832	3.8200742e-04	3.8436003e-04	1.9167282e-04
833	3.8267020e-04	3.8031759e-04	1.9144514e-04
834	3.8109673e-04	3.8344934e-04	1.9121746e-04
835	3.8175951e-04	3.7940688e-04	1.9098980e-04
836	3.8018604e-04	3.8253865e-04	1.9076212e-04
837	3.8084883e-04	3.7849619e-04	1.9053445e-04
838	3.7927536e-04	3.8162796e-04	1.9030678e-04
839	3.7993814e-04	3.7758550e-04	1.9007911e-04
840	3.7836464e-04	3.8071728e-04	1.8985143e-04
841	3.7902745e-04	3.7667481e-04	1.8962375e-04
842	3.7752985e-04	3.7980659e-04	1.8939609e-04
843	3.7811673e-04	3.7576412e-04	1.8916841e-04
844	3.7661917e-04	3.7904768e-04	1.8894074e-04
845	3.7720604e-04	3.7470166e-04	1.8871306e-04
846	3.7570848e-04	3.7828877e-04	1.8848540e-04
847	3.7637126e-04	3.7363917e-04	1.8825772e-04
848	3.7479779e-04	3.7752985e-04	1.8803004e-04
849	3.7546057e-04	3.7288025e-04	1.8780238e-04
850	3.7396298e-04	3.7646739e-04	1.8757470e-04
851	3.7454985e-04	3.7212134e-04	1.8734703e-04
852	3.7312816e-04	3.7555667e-04	1.8711935e-04
853	3.7363917e-04	3.7121066e-04	1.8689169e-04
854	3.7221747e-04	3.7464598e-04	1.8666401e-04
855	3.7280438e-04	3.7029997e-04	1.8643634e-04
856	3.7138269e-04	3.7388707e-04	1.8620866e-04
857	3.7189369e-04	3.6954106e-04	1.8598099e-04
858	3.7054787e-04	3.7282461e-04	1.8575332e-04
859	3.7098298e-04	3.6878214e-04	1.8552564e-04
860	3.6971309e-04	3.7191392e-04	1.8529798e-04
861	3.7014819e-04	3.6787146e-04	1.8507030e-04
862	3.6880240e-04	3.7115501e-04	1.8484263e-04
863	3.6931338e-04	3.6680899e-04	1.8461495e-04
864	3.6796759e-04	3.7039610e-04	1.8438727e-04
865	3.6840269e-04	3.6605008e-04	1.8415961e-04
866	3.6713277e-04	3.6948541e-04	1.8393193e-04
867	3.6756790e-04	3.6513939e-04	1.8370427e-04
868	3.6629799e-04	3.6872650e-04	1.8347659e-04
869	3.6673309e-04	3.6438048e-04	1.8324892e-04
870	3.6546317e-04	3.6781581e-04	1.8302124e-04
871	3.6589830e-04	3.6346979e-04	1.8279356e-04
872	3.6455248e-04	3.6705690e-04	1.8256590e-04
873	3.6506349e-04	3.6271088e-04	1.8233822e-04
874	3.6371770e-04	3.6614621e-04	1.8211055e-04
875	3.6422870e-04	3.6180019e-04	1.8188288e-04
876	3.6295879e-04	3.6538730e-04	1.8165521e-04
877	3.6339389e-04	3.6104128e-04	1.8142753e-04
878	3.6212397e-04	3.6447661e-04	1.8119985e-04
879	3.6255908e-04	3.6013057e-04	1.8097219e-04
880	3.6128919e-04	3.6371770e-04	1.8074451e-04
881	3.6172429e-04	3.5937168e-04	1.8051684e-04
882	3.6045437e-04	3.6280701e-04	1.8028916e-04
883	3.6096538e-04	3.5846097e-04	1.8006150e-04
884	3.5961959e-04	3.6204810e-04	1.7983382e-04
885	3.6013057e-04	3.5770205e-04	1.7960614e-04
886	3.5878478e-04	3.6128919e-04	1.7937848e-04
887	3.5937168e-04	3.5694314e-04	1.7915080e-04
888	3.5794999e-04	3.6037850e-04	1.7892313e-04
889	3.5853687e-04	3.5603245e-04	1.7869545e-04
890	3.5719108e-04	3.5961959e-04	1.7846779e-04
891	3.5770205e-04	3.5527354e-04	1.7824011e-04
892	3.5643217e-04	3.5886068e-04	1.7801244e-04
893	3.5686727e-04	3.5451463e-04	1.7778476e-04
894	3.5559735e-04	3.5794999e-04	1.7755709e-04
895	3.5610836e-04	3.5360394e-04	1.7732942e-04
896	3.5483844e-04	3.5734285e-04	1.7710174e-04
897	3.5527354e-04	3.5269326e-04	1.7687408e-04
898	3.5407953e-04	3.5658394e-04	1.7664640e-04
899	3.5443876e-04	3.5193434e-04	1.7641873e-04
900	3.5332062e-04	3.5582503e-04	1.7619105e-04
901	3.5367985e-04	3.5117543e-04	1.7596337e-04
902	3.5248583e-04	3.5506612e-04	1.7573571e-04
903	3.5292094e-04	3.5041652e-04	1.7550803e-04
904	3.5172692e-04	3.5415543e-04	1.7528037e-04
905	3.5208612e-04	3.4980942e-04	1.7505269e-04
906	3.5096801e-04	3.5324474e-04	1.7482502e-04
907	3.5132721e-04	3.4889870e-04	1.7459734e-04
908	3.5020910e-04	3.5263761e-04	1.7436966e-04
909	3.5049242e-04	3.4798801e-04	1.7414200e-04
910	3.4945019e-04	3.5203047e-04	1.7391432e-04
911	3.4973351e-04	3.4707732e-04	1.7368665e-04
912	3.4869128e-04	3.5142334e-04	1.7345898e-04
913	3.4897460e-04	3.4616663e-04	1.7323131e-04
914	3.4793236e-04	3.5066443e-04	1.7300363e-04
915	3.4821569e-04	3.4540772e-04	1.7277595e-04
916	3.4717345e-04	3.4990552e-04	1.7254829e-04
917	3.4745678e-04	3.4464881e-04	1.7239651e-04
918	3.4641454e-04	3.4914663e-04	1.7224472e-04
919	3.4669787e-04	3.4388990e-04	1.7209294e-04
920	3.4565563e-04	3.4853950e-04	1.7194115e-04
921	3.4593896e-04	3.4297921e-04	1.7178938e-04
922	3.4489672e-04	3.4793236e-04	1.7163760e-04
923	3.4518004e-04	3.4206852e-04	1.7148581e-04
924	3.4413781e-04	3.4732523e-04	1.7133403e-04
925	3.4449704e-04	3.4115784e-04	1.7118224e-04
926	3.4337890e-04	3.4671812e-04	1.7103046e-04
927	3.4373812e-04	3.4055070e-04	1.7087869e-04
928	3.4261998e-04	3.4580741e-04	1.7072690e-04
929	3.4305512e-04	3.3994357e-04	1.7057512e-04
930	3.4186107e-04	3.4489672e-04	1.7042334e-04
931	3.4229620e-04	3.3933646e-04	1.7027155e-04
932	3.4110219e-04	3.4413781e-04	1.7011978e-04
933	3.4161317e-04	3.3857755e-04	1.6996799e-04
934	3.4034328e-04	3.4337890e-04	1.6981621e-04
935	3.4093016e-04	3.3781864e-04	1.6966443e-04
936	3.3958437e-04	3.4261998e-04	1.6951264e-04
937	3.4017125e-04	3.3705973e-04	1.6936086e-04
938	3.3890133e-04	3.4201288e-04	1.6920909e-04
939	3.3941233e-04	3.3645259e-04	1.6905730e-04
940	3.3821832e-04	3.4110219e-04	1.6890552e-04
941	3.3865342e-04	3.3584546e-04	1.6875373e-04
942	3.3753531e-04	3.4034328e-04	1.6860195e-04
943	3.3789451e-04	3.3508654e-04	1.6845018e-04
944	3.3685227e-04	3.3958437e-04	1.6829839e-04
945	3.3721150e-04	3.3432763e-04	1.6814661e-04
946	3.3609336e-04	3.3897723e-04	1.6799483e-04
947	3.3652849e-04	3.3372053e-04	1.6784304e-04
948	3.3533445e-04	3.3821832e-04	1.6769127e-04
949	3.3584546e-04	3.3296162e-04	1.6753947e-04
950	3.3465144e-04	3.3745941e-04	1.6738770e-04
951	3.3508654e-04	3.3220270e-04	1.6723592e-04
952	3.3396843e-04	3.3685227e-04	1.6708413e-04
953	3.3440354e-04	3.3159557e-04	1.6693235e-04
954	3.3328540e-04	3.3609336e-04	1.6678058e-04
955	3.3364462e-04	3.3083666e-04	1.6662879e-04
956	3.3260239e-04	3.3548626e-04	1.6647701e-04
957	3.3296162e-04	3.3022952e-04	1.6632522e-04
958	3.3191938e-04	3.3457554e-04	1.6617344e-04
959	3.3227858e-04	3.2962239e-04	1.6602167e-04
960	3.3123634e-04	3.3381663e-04	1.6586987e-04
961	3.3159557e-04	3.2886348e-04	1.6571810e-04
962	3.3055333e-04	3.3320952e-04	1.6556631e-04
963	3.3083666e-04	3.2825637e-04	1.6541453e-04
964	3.2987032e-04	3.3245061e-04	1.6526275e-04
965	3.3015365e-04	3.2749746e-04	1.6511096e-04
966	3.2918729e-04	3.3184348e-04	1.6495919e-04
967	3.2947061e-04	3.2689032e-04	1.6480741e-04
968	3.2850428e-04	3.3108456e-04	1.6465562e-04
969	3.2878760e-04	3.2613141e-04	1.6450384e-04
970	3.2789714e-04	3.3047743e-04	1.6435205e-04
971	3.2810459e-04	3.2552428e-04	1.6420028e-04
972	3.2721413e-04	3.2971852e-04	1.6404850e-04
973	3.2742156e-04	3.2476537e-04	1.6389671e-04
974	3.2653110e-04	3.2911141e-04	1.6374493e-04
975	3.2673855e-04	3.2415826e-04	1.6359315e-04
976	3.2584809e-04	3.2850428e-04	1.6344136e-04
977	3.2605551e-04	3.2355112e-04	1.6328959e-04
978	3.2524095e-04	3.2774537e-04	1.6313780e-04
979	3.2537250e-04	3.2279221e-04	1.6298602e-04
980	3.2455794e-04	3.2713823e-04	1.6283424e-04
981	3.2468949e-04	3.2218508e-04	1.6268245e-04
982	3.2395081e-04	3.2637932e-04	1.6253068e-04
983	3.2400645e-04	3.2172975e-04	1.6237890e-04
984	3.2326780e-04	3.2562041e-04	1.6222711e-04
985	3.2339935e-04	3.2097084e-04	1.6207533e-04
986	3.2258476e-04	3.2501327e-04	1.6192354e-04
987	3.2271631e-04	3.2036370e-04	1.6177176e-04
988	3.2197766e-04	3.2425439e-04	1.6161999e-04
989	3.2203330e-04	3.1990834e-04	1.6146820e-04
990	3.2137052e-04	3.2349548e-04	1.6131642e-04
991	3.2135029e-04	3.1914943e-04	1.6116464e-04
992	3.2076339e-04	3.2288834e-04	1.6101285e-04
993	3.2066726e-04	3.1854233e-04	1.6086108e-04
994	3.2008038e-04	3.2228121e-04	1.6070929e-04
995	3.2006015e-04	3.1793519e-04	1.6055751e-04
996	3.1947324e-04	3.2152230e-04	1.6040573e-04
997	3.1937711e-04	3.1747983e-04	1.6025394e-04
998	3.1886611e-04	3.2076339e-04	1.6010216e-04
999	3.1869410e-04	3.1672092e-04	1.5995037e-04
1000	3.1825900e-04	3.2015625e-04	1.5979860e-04
